OBS HOM EDADH ESCOLH INGH CASARH MUJ EDADM ESCOLM INGM CASARM TPOCAS NHIJOS
    1  1    50     1     1     1    0    48     3     1     1     28      2
    2  1    62     2     1     1    0    59     2     0     1     38      5
    3  1    44     2     1     1    0    44     2     0     1     22      3
    4  1    44     3     1     0    0    23     2     1     0      1      1
    5  1    33     2     1     1    0    37     2     1     1      5      1
    6  1    37     2     1     1    0    29     1     1     1      2      1
    7  1    36     3     1     1    0    34     3     0     1      3      0
    8  1    64     1     1     1    0    58     1     0     1     44      4
    9  1    60     1     1     1    0    57     1     0     0     33      4
   10  1    39     2     1     1    0    34     2     0     1     10      2
   11  1    55     1     1     1    0    48     1     0     0     30      3
   12  1    32     2     1     1    0    31     2     0     1      9      2
   13  1    46     3     1     0    0    45     3     0     0     21      2
   14  1    50     1     1     1    0    38     3     1     0      9      2
   15  1    33     2     1     0    0    45     3     1     0      5      2
   16  1    31     3     1     1    0    25     2     1     0      4      2
   17  1    22     2     1     1    0    21     2     0     1      3      1
   18  1    29     3     1     1    0    27     3     0     1      2      1
   19  1    65     3     1     1    0    48     3     0     1     26      3
   20  1    30     3     1     1    0    28     2     1     1      5      2
   21  1    30     2     1     1    0    26     3     1     1      4      2
   22  1    33     2     1     0    0    28     2     0     0      5      3
   23  1    50     3     1     1    0    46     2     1     1     18      1
   24  1    29     2     1     1    0    19     2     0     1      5      1
   25  1    25     3     1     0    0    20     2     0     1      2      1
   26  1    43     3     1     1    0    42     3     1     1     23      2
   27  1    29     2     1     1    0    27     2     1     0      3      1
   28  1    23     2     0     1    0    21     2     1     1      5      0
   29  1    20     2     1     1    0    18     2     1     1      1      0
   30  1    45     3     1     0    0    41     2     0     0     21      4
   31  1    65     1     1     1    0    55     2     0     1     34      8
   32  1    34     2     1     1    0    26     3     1     1     10      2
   33  1    56     3     1     1    0    30     3     1     1      3      2
   34  1    32     2     1     1    0    18     2     0     1      3      1
   35  1    36     3     1     1    0    33     2     1     1     10      2
   36  1    55     1     0     1    0    57     1     0     1     31      3
   37  1    62     1     1     1    0    50     2     0     1     27      1
   38  1    50     3     1     1    0    46     2     0     1     24      3
   39  1    26     2     1     1    0    27     1     1     1      8      2
   40  1    36     3     1     1    0    28     3     0     1      4      1
   41  1    33     2     1     1    0    30     2     1     1     12      0
   42  1    60     1     1     1    0    55     1     0     0     32      4
   43  1    27     3     1     1    0    23     3     1     1      3      0
   44  1    29     2     1     1    0    24     2     0     0      6      2
   45  1    75     1     1     0    0    73     1     1     1     55      4
   46  1    63     1     1     1    0    49     2     1     0     32      4
   47  1    93     1     1     1    0    89     1     0     1     65     14
   48  1    37     1     0     1    0    47     1     1     1     13      0
   49  1    33     2     1     1    0    28     3     1     1      7      2
   50  1    55     1     1     1    0    49     1     1     1     31      4
   51  1    62     1     1     1    0    58     1     1     1     36      9
   52  1    28     1     1     1    0    34     2     1     1      1      0
   53  1    32     1     1     1    0    24     3     0     1      6      0
   54  1    56     1     1     0    0    52     1     0     1     29      5
   55  1    69     1     1     1    0    65     1     1     0     33      6
   56  1    42     1     0     1    0    48     1     1     0     18      1
   57  1    45     1     0     1    0    49     1     1     0      7      0
   58  1    25     2     1     1    0    18     2     1     0      4      1
   59  1    23     2     1     0    0    21     2     0     1      2      1
   60  1    61     3     1     1    0    49     3     0     1     25      2
   61  1    47     3     1     0    0    46     3     1     1     20      2
   62  1    63     2     1     0    0    50     2     1     0     28      2
   63  1    48     2     1     1    0    44     3     1     1     19      3
   64  1    38     2     1     1    0    35     2     1     1      6      2
   65  1    32     3     1     0    0    28     2     1     1      8      1
   66  1    41     3     1     1    0    39     2     1     1     11      2
   67  1    30     3     1     1    0    29     3     1     1      2      1
   68  1    49     3     1     1    0    47     2     1     1     22      4
   69  1    55     2     0     1    0    51     3     1     0     25      2
   70  1    56     3     1     1    0    52     3     1     1     26      4
   71  1    33     3     0     1    0    34     3     1     0      4      1
   72  1    67     3     1     1    0    65     3     1     0     31      2
   73  1    63     2     1     1    0    57     2     1     1     28      4
   74  1    28     3     1     1    0    25     3     0     1      4      0
   75  1    27     3     1     0    0    23     3     0     1      2      0
   76  1    52     3     1     1    0    45     3     0     1     24      2
   77  1    60     3     1     1    0    57     2     0     1     31      3
   78  1    50     3     1     1    0    48     3     1     1     22      2
   79  1    52     3     1     1    0    52     2     0     1     27      2
   80  1    29     3     1     0    0    28     3     1     1      4      0
   81  1    34     3     1     0    0    28     3     1     0     11      1
   82  1    40     2     0     1    0    33     2     0     1      4      1
   83  1    43     3     1     1    0    40     2     1     1     14      2
   84  1    70     1     1     1    0    65     2     1     1     29      2
   85  1    61     2     1     1    0    56     1     0     1     39      6
   86  1    68     1     1     0    0    58     2     1     1     21      2
   87  1    36     3     1     1    0    29     3     1     1      2      0
   88  1    48     3     1     0    0    31     3     0     0      4      0
   89  1    34     3     1     1    0    25     3     0     1      0      0
   90  1    31     2     1     1    0    31     2     1     0      3      3
   91  1    47     2     1     1    0    36     3     1     0     16      2
   92  1    30     2     1     1    0    32     2     0     1      3      1
   93  1    37     3     1     1    0    34     2     1     1     14      3
   94  1    49     3     1     1    0    40     2     1     1     21      6
   95  1    52     2     1     1    0    42     2     0     1      3      1
   96  1    44     3     1     1    0    39     3     0     1     18      3
   97  1    38     3     1     1    0    24     2     0     1      2      2
   98  1    43     3     1     1    0    35     3     1     1      6      1
   99  1    42     3     1     1    0    30     3     1     1     11      1
  100  1    36     3     1     1    0    28     3     1     0      8      1
  101  1    36     3     1     1    0    36     3     0     1     16      3
  102  1    34     3     1     0    0    33     3     0     1      4      0
  103  1    37     3     1     1    0    34     3     1     1      5      1
  104  1    39     2     1     1    0    35     2     1     1     10      2
  105  1    48     3     1     1    0    46     3     1     1     24      2
  106  1    38     3     1     1    0    43     3     1     0     12      2
  107  1    44     3     1     0    0    34     3     1     0     12      2
  108  1    53     2     1     1    0    50     3     1     1     28      3
  109  1    35     1     1     1    0    24     2     0     0      6      2
  110  1    45     3     1     1    0    41     2     1     1     25      2
  111  1    33     3     1     1    0    27     3     0     1      3      0
  112  1    45     3     1     1    0    45     2     1     1     16      2
  113  1    24     2     1     1    0    23     3     1     1      1      0
  114  1    29     2     1     1    0    30     2     1     1      4      1
  115  1    41     3     1     1    0    36     3     1     1     14      2
  116  1    57     2     1     1    0    53     2     0     1     33      4
  117  1    43     2     1     1    0    39     2     1     1     17      2
  118  1    31     1     1     0    0    32     1     1     0      8      1
  119  1    34     3     1     1    0    27     3     1     0      3      1
  120  1    51     2     1     1    0    50     3     1     1     22      2
  121  1    41     1     1     1    0    36     1     0     1     23      4
  122  1    37     2     1     1    0    37     3     1     1      6      1
  123  1    44     2     1     1    0    40     2     1     1     16      2
  124  1    40     3     1     0    0    25     3     0     0      6      0
  125  1    68     1     1     1    0    67     1     0     1     46      7
  126  1    41     3     1     1    0    38     2     1     1      6      1
  127  1    40     2     1     1    0    38     3     1     1      8      1
  128  1    45     3     1     1    0    40     3     0     1     13      2
  129  1    40     2     1     1    0    35     2     0     1     12      2
  130  1    43     2     1     1    0    42     1     0     0     24      4
  131  1    41     2     1     1    0    42     3     1     1      7      1
  132  1    46     3     1     1    0    42     2     0     1     13      1
  133  1    69     2     1     1    0    57     2     1     1     26      2
  134  1    21     2     1     1    0    18     2     0     1      4      1
  135  1    48     3     1     1    0    48     3     1     1     22      2
  136  1    59     3     1     0    0    56     3     1     0     31      2
  137  1    55     3     1     1    0    51     2     0     0     28      3
  138  1    38     2     1     1    0    44     3     1     0     18      1
  139  1    63     2     1     1    0    57     2     1     1     27      2
  140  1    54     2     1     1    0    52     3     1     1     27      2
  141  1    33     3     1     0    0    25     3     1     0      5      0
  142  1    58     3     1     1    0    50     3     1     1     28      4
  143  1    32     3     1     1    0    23     2     1     1      7      0
  144  1    34     1     1     1    0    29     2     1     0      3      1
  145  1    36     2     1     0    0    32     1     0     1     12      2
  146  1    35     3     1     1    0    24     3     0     1      5      1
  147  1    64     3     1     0    0    58     3     1     1     36      3
  148  1    63     3     1     1    0    52     2     0     1     31      2
  149  1    27     3     1     1    0    26     3     1     1      0      0
